0.9999999999999922
0.9999999999984611
1.0000000000000004
3.0
2.000000000000067
0.9999999999999939
1.999999999999997
2.0000000000000844
2.0000000000014304
2.999999999999999
2.9999999999999916
2.9999999999887947
2.0
2.0000000000000444
0.9999999999999291
1.0000000000000036
1.0000000000002736
2.9999999999980744
1.9999999999999967
1.0000000000001867
1.0000000000000002
1.9999999999989184
1.999999999996661
2.0000000000000004
0.9999999999999989
1.9999999999968245
1.0000000000000007
1.9999999999999971
0.9999999999999956
1.9999999999991163
2.0000000000000115
2.0000000000002176
2.000000000000248
2.000000000000008
2.000000000000182
3.0000000000054543
3.0000000000045413
1.9999999999999993
1.9999999999995737
1.9999999999993796
1.0000000000000155
1.9999999999999178
2.9999999999999996
2.9999999999998592
1.0000000000000477
1.9999999999999927
0.9999999999986943
